a = 9;
b = 4;
c = 0;
EA = 10;
l0 = 3;